version https://git-lfs.github.com/spec/v1
oid sha256:ed11721015db1874ea8a5e99395f6a0335601df500fe91e789607fd49a8750ae
size 5152733
